tamanho do vetor	tempo decorrido
10	0.000030
20	0.000040
30	0.000060
40	0.000090
50	0.000130
60	0.000170
70	0.000220
80	0.000290
90	0.000360
100	0.000440
110	0.000520
120	0.000690
130	0.000720
140	0.000820
150	0.000960
160	0.001090
170	0.001770
180	0.001540
190	0.001510
200	0.001630
210	0.001790
220	0.002200
230	0.002170
240	0.002440
250	0.002700
260	0.002780
270	0.003770
280	0.003540
290	0.003460
300	0.003730
310	0.003950
320	0.004320
330	0.004770
340	0.004740
350	0.005040
360	0.006960
370	0.006570
380	0.005970
390	0.007120
400	0.006800
410	0.006980
420	0.007330
430	0.007840
440	0.008670
450	0.008910
460	0.009520
470	0.009290
480	0.010450
490	0.009900
500	0.010590
510	0.011280
520	0.011240
530	0.012790
540	0.012560
550	0.012880
560	0.013800
570	0.014730
580	0.014630
590	0.015290
600	0.015480
610	0.015790
620	0.016200
630	0.016940
640	0.018240
650	0.018260
660	0.018930
670	0.020650
680	0.019730
690	0.019570
700	0.020560
710	0.021170
720	0.021180
730	0.022770
740	0.022570
750	0.023760
760	0.024060
770	0.024490
780	0.024890
790	0.026510
800	0.026490
810	0.027470
820	0.027480
830	0.028650
840	0.029020
850	0.030190
860	0.030360
870	0.031070
880	0.032400
890	0.032880
900	0.032840
910	0.034380
920	0.034260
930	0.035780
940	0.036550
950	0.037060
960	0.037300
970	0.038380
980	0.039620
990	0.040720
1000	0.040970
1010	0.042920
1020	0.042550
1030	0.044020
1040	0.044430
1050	0.045760
1060	0.045360
1070	0.046760
1080	0.047140
1090	0.048650
1100	0.049310
1110	0.050560
1120	0.050550
1130	0.052210
1140	0.053160
1150	0.055280
1160	0.057040
1170	0.058160
1180	0.057840
1190	0.059710
1200	0.060390
1210	0.066500
1220	0.062610
1230	0.063300
1240	0.063820
1250	0.065910
1260	0.065660
1270	0.069490
1280	0.068160
1290	0.070500
1300	0.071580
1310	0.072560
1320	0.072850
1330	0.075370
1340	0.075390
1350	0.076920
1360	0.077470
1370	0.079360
1380	0.079250
1390	0.081940
1400	0.081390
1410	0.083730
1420	0.084690
1430	0.086920
1440	0.087660
1450	0.089520
1460	0.089260
1470	0.091230
1480	0.091410
1490	0.094530
1500	0.094000
1510	0.096190
1520	0.096460
1530	0.099850
1540	0.098880
1550	0.102570
1560	0.101460
1570	0.104430
1580	0.104210
1590	0.107550
1600	0.106780
1610	0.110110
1620	0.109970
1630	0.112570
1640	0.113640
1650	0.116020
1660	0.115560
1670	0.121820
1680	0.117820
1690	0.121010
1700	0.120200
1710	0.123890
1720	0.124850
1730	0.127860
1740	0.126600
1750	0.131380
1760	0.129100
1770	0.133880
1780	0.133180
1790	0.137190
1800	0.134830
1810	0.139670
1820	0.138190
1830	0.143350
1840	0.140970
1850	0.146550
1860	0.145860
1870	0.149720
1880	0.147310
1890	0.150790
1900	0.151990
1910	0.155930
1920	0.154600
1930	0.158840
1940	0.158380
1950	0.162640
1960	0.160970
1970	0.164810
1980	0.163840
1990	0.169070
2000	0.168430
2010	0.172600
2020	0.170820
2030	0.175700
2040	0.174320
2050	0.181170
2060	0.177390
2070	0.182450
2080	0.180710
2090	0.186850
2100	0.184970
2110	0.188610
2120	0.188180
2130	0.193520
2140	0.192620
2150	0.196140
2160	0.194800
2170	0.200080
2180	0.199020
2190	0.203720
2200	0.201190
2210	0.209960
2220	0.205370
2230	0.212570
2240	0.210660
2250	0.215960
2260	0.215470
2270	0.220520
2280	0.216680
2290	0.222300
2300	0.220950
2310	0.229690
2320	0.257630
2330	0.282530
2340	0.251600
2350	0.302500
2360	0.266560
2370	0.260910
2380	0.245800
2390	0.283830
2400	0.249950
2410	0.299310
2420	0.290580
2430	0.255980
2440	0.320010
2450	0.340190
2460	0.270980
2470	0.281580
2480	0.269240
2490	0.272950
2500	0.269510
2510	0.273760
2520	0.265620
2530	0.284120
2540	0.277650
2550	0.289640
2560	0.274020
2570	0.281580
2580	0.294250
2590	0.293670
2600	0.283700
2610	0.319530
2620	0.363610
2630	0.390610
2640	0.302430
2650	0.321610
2660	0.296410
2670	0.309760
2680	0.303040
2690	0.315250
2700	0.323760
2710	0.312560
2720	0.308760
2730	0.332820
2740	0.339020
2750	0.354230
2760	0.317570
2770	0.328790
2780	0.323610
2790	0.335840
2800	0.328540
2810	0.338730
2820	0.350290
2830	0.343820
2840	0.337020
2850	0.348720
2860	0.342030
2870	0.367510
2880	0.384380
2890	0.401380
2900	0.353600
2910	0.398420
2920	0.422560
2930	0.372650
2940	0.362180
2950	0.375380
2960	0.368260
2970	0.381380
2980	0.373230
2990	0.398380
3000	0.379140
3010	0.392280
3020	0.384150
3030	0.392210
3040	0.388460
3050	0.400880
3060	0.393370
3070	0.402830
3080	0.406460
3090	0.412940
3100	0.406050
3110	0.433070
3120	0.409110
3130	0.422720
3140	0.415360
3150	0.429360
3160	0.421680
3170	0.431790
3180	0.426030
3190	0.445190
3200	0.432480
3210	0.441780
3220	0.438650
3230	0.452960
3240	0.442430
3250	0.454370
3260	0.444750
3270	0.457750
3280	0.453450
3290	0.468140
3300	0.458200
3310	0.473780
3320	0.464120
3330	0.475390
3340	0.467850
3350	0.483920
3360	0.476140
3370	0.489100
3380	0.478640
3390	0.494860
3400	0.485810
3410	0.502050
3420	0.494440
3430	0.503300
3440	0.505810
3450	0.514150
3460	0.500590
3470	0.521250
3480	0.507660
3490	0.523240
3500	0.512560
3510	0.531110
3520	0.519640
3530	0.535650
3540	0.525080
3550	0.539870
3560	0.530950
3570	0.545540
3580	0.534620
3590	0.555130
3600	0.541820
3610	0.562400
3620	0.549000
3630	0.569290
3640	0.559130
3650	0.569140
3660	0.571360
3670	0.578380
3680	0.566640
3690	0.584600
3700	0.572950
3710	0.588300
3720	0.580520
3730	0.602240
3740	0.587450
3750	0.628590
3760	0.782620
3770	0.638440
3780	0.601070
3790	0.621820
3800	0.608070
3810	0.622030
3820	0.611990
3830	0.633410
3840	0.617890
3850	0.641660
3860	0.631170
3870	0.638580
3880	0.653700
3890	0.655480
3900	0.640210
3910	0.661140
3920	0.648250
3930	0.670390
3940	0.652290
3950	0.677760
3960	0.665070
3970	0.699240
3980	0.671400
3990	0.688350
4000	0.674050
4010	0.697160
4020	0.680900
4030	0.706600
4040	0.685190
4050	0.711480
4060	0.697170
4070	0.744930
4080	0.700960
4090	0.714220
4100	0.706140
4110	0.725270
4120	0.711370
4130	0.737580
4140	0.718510
4150	0.739000
4160	0.726030
4170	0.749540
4180	0.800040
4190	0.792620
4200	0.893980
4210	0.786370
4220	0.747690
4230	0.767940
4240	0.759130
4250	0.782200
4260	0.769750
4270	0.793750
4280	0.789400
4290	0.790860
4300	0.778080
4310	0.801520
4320	0.791550
4330	0.806880
4340	0.793630
4350	0.813310
4360	0.800750
4370	0.821620
4380	0.810030
4390	0.837600
4400	0.819330
4410	0.834690
4420	0.823030
4430	0.852800
4440	0.840580
4450	0.866210
4460	0.852640
4470	0.857420
4480	0.840790
4490	0.862880
4500	0.854380
4510	0.872230
4520	0.859330
4530	0.878050
4540	0.864980
4550	0.894050
4560	0.872880
4570	0.903010
4580	0.881400
4590	0.905010
4600	0.889450
4610	0.908190
4620	0.911720
4630	0.919120
4640	0.907820
4650	0.927260
4660	0.916810
4670	0.936790
4680	0.920390
4690	0.970870
4700	0.932460
4710	0.948640
4720	0.938350
4730	0.963750
4740	0.943710
4750	0.976810
4760	0.952350
4770	1.023510
4780	0.956610
4790	1.002980
4800	0.970630
4810	0.999490
4820	0.976230
4830	1.016220
4840	0.986490
4850	1.018780
4860	0.989680
4870	1.027400
4880	1.004740
4890	1.032030
4900	1.006260
4910	1.037580
4920	1.015310
4930	1.057110
4940	1.019320
4950	1.049690
4960	1.034920
4970	1.065210
4980	1.048540
4990	1.108230
5000	1.082230
