tamanho do vetor	tempo decorrido
10	0.000040
20	0.000070
30	0.000070
40	0.000110
50	0.000170
60	0.000220
70	0.000320
80	0.000390
90	0.000500
100	0.000580
110	0.000760
120	0.000880
130	0.001000
140	0.001130
150	0.001540
160	0.001520
170	0.001670
180	0.001910
190	0.001970
200	0.002240
210	0.002540
220	0.004310
230	0.003120
240	0.003250
250	0.003850
260	0.004430
270	0.004160
280	0.005360
290	0.004830
300	0.005140
310	0.006140
320	0.006280
330	0.006790
340	0.008040
350	0.006970
360	0.007890
370	0.007860
380	0.008660
390	0.009200
400	0.008950
410	0.010470
420	0.010970
430	0.012010
440	0.011680
450	0.013890
460	0.015470
470	0.014700
480	0.014640
490	0.017090
500	0.017580
510	0.017670
520	0.019030
530	0.017970
540	0.019300
550	0.020220
560	0.020850
570	0.023650
580	0.023630
590	0.023100
600	0.023930
610	0.025610
620	0.024810
630	0.027980
640	0.025880
650	0.028590
660	0.029310
670	0.030400
680	0.031360
690	0.032850
700	0.033630
710	0.031120
720	0.029660
730	0.032760
740	0.031360
750	0.035520
760	0.034350
770	0.036490
780	0.039500
790	0.038410
800	0.040020
810	0.039990
820	0.053950
830	0.046040
840	0.047820
850	0.055090
860	0.044610
870	0.044810
880	0.046400
890	0.046950
900	0.049270
910	0.047140
920	0.050810
930	0.049430
940	0.050370
950	0.051230
960	0.062250
970	0.059680
980	0.063630
990	0.056520
1000	0.057730
1010	0.058350
1020	0.061730
1030	0.065630
1040	0.068960
1050	0.064270
1060	0.064190
1070	0.066050
1080	0.068020
1090	0.067170
1100	0.070020
1110	0.070850
1120	0.073380
1130	0.073740
1140	0.075840
1150	0.078570
1160	0.079190
1170	0.080570
1180	0.083710
1190	0.084480
1200	0.086380
1210	0.087630
1220	0.091340
1230	0.090670
1240	0.092370
1250	0.096680
1260	0.096450
1270	0.096680
1280	0.099270
1290	0.100500
1300	0.103350
1310	0.103760
1320	0.106630
1330	0.111060
1340	0.110640
1350	0.112760
1360	0.114090
1370	0.118060
1380	0.123610
1390	0.124350
1400	0.124620
1410	0.125900
1420	0.125740
1430	0.128090
1440	0.129270
1450	0.152880
1460	0.160080
1470	0.162980
1480	0.161260
1490	0.139610
1500	0.145000
1510	0.153410
1520	0.162980
1530	0.163570
1540	0.160660
1550	0.158320
1560	0.179010
1570	0.186850
1580	0.177590
1590	0.178590
1600	0.176610
1610	0.169280
1620	0.171040
1630	0.190960
1640	0.206890
1650	0.211260
1660	0.196460
1670	0.184930
1680	0.187150
1690	0.188770
1700	0.219460
1710	0.216270
1720	0.212560
1730	0.222240
1740	0.208320
1750	0.201790
1760	0.208770
1770	0.210360
1780	0.225090
1790	0.217440
1800	0.219690
1810	0.230790
1820	0.243610
1830	0.248020
1840	0.232720
1850	0.230700
1860	0.274350
1870	0.259260
1880	0.239830
1890	0.241260
1900	0.246460
1910	0.251540
1920	0.252920
1930	0.257170
1940	0.258510
1950	0.261620
1960	0.265610
1970	0.268450
1980	0.269440
1990	0.272430
2000	0.275430
2010	0.274290
2020	0.285030
2030	0.285860
2040	0.286880
2050	0.288970
2060	0.295280
2070	0.297520
2080	0.299840
2090	0.312260
2100	0.306250
2110	0.308060
2120	0.315060
2130	0.316770
2140	0.320310
2150	0.325470
2160	0.326180
2170	0.329890
2180	0.334130
2190	0.337030
2200	0.342020
2210	0.343250
2220	0.348680
2230	0.352690
2240	0.351800
2250	0.362480
2260	0.363200
2270	0.367890
2280	0.369220
2290	0.373940
2300	0.380570
2310	0.379690
2320	0.381840
2330	0.385420
2340	0.396490
2350	0.395110
2360	0.406540
2370	0.402940
2380	0.411210
2390	0.407750
2400	0.416300
2410	0.415230
2420	0.424260
2430	0.425060
2440	0.429190
2450	0.431190
2460	0.436440
2470	0.437990
2480	0.448510
2490	0.451350
2500	0.457880
2510	0.461020
2520	0.465060
2530	0.467010
2540	0.472940
2550	0.470890
2560	0.474350
2570	0.483260
2580	0.484180
2590	0.489140
2600	0.492800
2610	0.501000
2620	0.502450
2630	0.512020
2640	0.513650
2650	0.515330
2660	0.521010
2670	0.533610
2680	0.527940
2690	0.545650
2700	0.538110
2710	0.542610
2720	0.547790
2730	0.561470
2740	0.554560
2750	0.555910
2760	0.560810
2770	0.565570
2780	0.569250
2790	0.579950
2800	0.582940
2810	0.587950
2820	0.585710
2830	0.592600
2840	0.594750
2850	0.603540
2860	0.603930
2870	0.619920
2880	0.614130
2890	0.625250
2900	0.651560
2910	0.633060
2920	0.631650
2930	0.644070
2940	0.640130
2950	0.652780
2960	0.647160
2970	0.659900
2980	0.745430
2990	0.764070
3000	0.710480
3010	0.812870
3020	0.773070
3030	0.849440
3040	0.732460
3050	0.864910
3060	0.766410
3070	0.731350
3080	0.805260
3090	0.762460
3100	0.772020
3110	0.739880
3120	0.898360
3130	0.767530
3140	0.854160
3150	0.747340
3160	0.747580
3170	0.756250
3180	0.759970
3190	0.785580
3200	0.768520
3210	0.778460
3220	0.776620
3230	0.783730
3240	0.788480
3250	0.794740
3260	0.801420
3270	0.802790
3280	0.816440
3290	0.817290
3300	0.828580
3310	0.823830
3320	0.840810
3330	0.836680
3340	0.849400
3350	0.843350
3360	0.852490
3370	0.861590
3380	0.863510
3390	0.871990
3400	0.877050
3410	0.884280
3420	0.890420
3430	0.893780
3440	0.902790
3450	0.906020
3460	0.922460
3470	0.914390
3480	0.919320
3490	0.935790
3500	0.929140
3510	0.945300
3520	0.941150
3530	0.952070
3540	0.951730
3550	0.965870
3560	0.965370
3570	0.975330
3580	0.971480
3590	0.991020
3600	0.998410
3610	0.995010
3620	1.000960
3630	1.010460
3640	1.011900
3650	1.019360
3660	1.021930
3670	1.032590
3680	1.034840
3690	1.043140
3700	1.043890
3710	1.068080
3720	1.053460
3730	1.060590
3740	1.079390
3750	1.077110
3760	1.081300
3770	1.099240
3780	1.095000
3790	1.104680
3800	1.105240
3810	1.114450
3820	1.116650
3830	1.131260
3840	1.150370
3850	1.144840
3860	1.139950
3870	1.154440
3880	1.163260
3890	1.165890
3900	1.167730
3910	1.177650
3920	1.192470
3930	1.191940
3940	1.194900
3950	1.212040
3960	1.206990
3970	1.221470
3980	1.225010
3990	1.222080
4000	1.232250
4010	1.243000
4020	1.246470
4030	1.263460
4040	1.257500
4050	1.272330
4060	1.270180
4070	1.277740
4080	1.286970
4090	1.295470
4100	1.295330
4110	1.308910
4120	1.305300
4130	1.322850
4140	1.326690
4150	1.332440
4160	1.365530
4170	1.362110
4180	1.352070
4190	1.368440
4200	1.365660
4210	1.378890
4220	1.378430
4230	1.390170
4240	1.388310
4250	1.400180
4260	1.406330
4270	1.421940
4280	1.473940
4290	1.429730
4300	1.430830
4310	1.457000
4320	1.442400
4330	1.458700
4340	1.467320
4350	1.474380
4360	1.485440
4370	1.507420
4380	1.496680
4390	1.497510
4400	1.523070
4410	1.516710
4420	1.530780
4430	1.534780
4440	1.527560
4450	1.535050
4460	1.564890
4470	1.556070
4480	1.564580
4490	1.571540
4500	1.578430
4510	1.581180
4520	1.597520
4530	1.594430
4540	1.616070
4550	1.612720
4560	1.627090
4570	1.635930
4580	1.639840
4590	1.644360
4600	1.652580
4610	1.655390
4620	1.665850
4630	1.665750
4640	1.696170
4650	1.685720
4660	1.699320
4670	1.707890
4680	1.709390
4690	1.727860
4700	1.727970
4710	1.741900
4720	1.758460
4730	1.756180
4740	1.764740
4750	1.776030
4760	1.784030
4770	1.788860
4780	1.796320
4790	1.814840
4800	1.825230
4810	1.812940
4820	1.830630
4830	1.845760
4840	1.848600
4850	1.873000
4860	1.859830
4870	1.877260
4880	1.873140
4890	1.895200
4900	1.892000
4910	1.907970
4920	1.908760
4930	1.915210
4940	1.924270
4950	1.935040
4960	1.948690
4970	1.957940
4980	1.963050
4990	1.976380
5000	1.977320
