tamanho do vetor	tempo decorrido(mseg)
10	0.000040
20	0.000060
30	0.000070
40	0.000090
50	0.000060
60	0.000060
70	0.000080
80	0.000090
90	0.000100
100	0.000120
110	0.000140
120	0.000160
130	0.000200
140	0.000260
150	0.000230
160	0.000250
170	0.000280
180	0.000310
190	0.000340
200	0.000440
210	0.000450
220	0.000520
230	0.000570
240	0.000530
250	0.000570
260	0.000590
270	0.000740
280	0.000680
290	0.000750
300	0.001190
310	0.000910
320	0.000910
330	0.000940
340	0.001000
350	0.001060
360	0.001100
370	0.001380
380	0.001260
390	0.001310
400	0.001410
410	0.001430
420	0.002040
430	0.001760
440	0.002000
450	0.001800
460	0.001890
470	0.002080
480	0.001970
490	0.002650
500	0.002100
510	0.002180
520	0.002330
530	0.003150
540	0.002480
550	0.002580
560	0.002640
570	0.002720
580	0.002740
590	0.002920
600	0.002940
610	0.003120
620	0.003900
630	0.003390
640	0.003340
650	0.003520
660	0.003980
670	0.003660
680	0.004090
690	0.003870
700	0.003990
710	0.004210
720	0.004380
730	0.004490
740	0.004800
750	0.004690
760	0.004820
770	0.005030
780	0.005270
790	0.005270
800	0.005500
810	0.005610
820	0.005710
830	0.006040
840	0.006240
850	0.006260
860	0.006380
870	0.007060
880	0.007070
890	0.006870
900	0.007090
910	0.007230
920	0.007320
930	0.007880
940	0.007840
950	0.008430
960	0.008190
970	0.008330
980	0.008540
990	0.008620
1000	0.008840
1010	0.009610
1020	0.009120
1030	0.009270
1040	0.009620
1050	0.009810
1060	0.009890
1070	0.010360
1080	0.010320
1090	0.010620
1100	0.010940
1110	0.010900
1120	0.011220
1130	0.011380
1140	0.011590
1150	0.011820
1160	0.011970
1170	0.012350
1180	0.012460
1190	0.012670
1200	0.012860
1210	0.013300
1220	0.013620
1230	0.013640
1240	0.013900
1250	0.014190
1260	0.014260
1270	0.014620
1280	0.014950
1290	0.014950
1300	0.015530
1310	0.015510
1320	0.015650
1330	0.016170
1340	0.016570
1350	0.016860
1360	0.016840
1370	0.017280
1380	0.017230
1390	0.017430
1400	0.018680
1410	0.018040
1420	0.018540
1430	0.018460
1440	0.018900
1450	0.019230
1460	0.019480
1470	0.019830
1480	0.019890
1490	0.020670
1500	0.020680
1510	0.020850
1520	0.021010
1530	0.021260
1540	0.021520
1550	0.021720
1560	0.022380
1570	0.022370
1580	0.022690
1590	0.023120
1600	0.023460
1610	0.023700
1620	0.023890
1630	0.024520
1640	0.024540
1650	0.024750
1660	0.025250
1670	0.025340
1680	0.025660
1690	0.025980
1700	0.026750
1710	0.026750
1720	0.027230
1730	0.027480
1740	0.027750
1750	0.027910
1760	0.028160
1770	0.029020
1780	0.028960
1790	0.029290
1800	0.029570
1810	0.029900
1820	0.030360
1830	0.030530
1840	0.030900
1850	0.031150
1860	0.032280
1870	0.031960
1880	0.033050
1890	0.033390
1900	0.033120
1910	0.033830
1920	0.037060
1930	0.034950
1940	0.034910
1950	0.036020
1960	0.036340
1970	0.042720
1980	0.049170
1990	0.038040
2000	0.037220
2010	0.037640
2020	0.037850
2030	0.038450
2040	0.038330
2050	0.038990
2060	0.039400
2070	0.040020
2080	0.040250
2090	0.041120
2100	0.041160
2110	0.049160
2120	0.041770
2130	0.042260
2140	0.042170
2150	0.044130
2160	0.043290
2170	0.043680
2180	0.044270
2190	0.045110
2200	0.045210
2210	0.053250
2220	0.048400
2230	0.047470
2240	0.046650
2250	0.046930
2260	0.047230
2270	0.048480
2280	0.050010
2290	0.048460
2300	0.049010
2310	0.049880
2320	0.050060
2330	0.050460
2340	0.050890
2350	0.052380
2360	0.052300
2370	0.053090
2380	0.052240
2390	0.052900
2400	0.053660
2410	0.053910
2420	0.055820
2430	0.054730
2440	0.068290
2450	0.062010
2460	0.059820
2470	0.057320
2480	0.057200
2490	0.057030
2500	0.059190
2510	0.064720
2520	0.058790
2530	0.059510
2540	0.059440
2550	0.063590
2560	0.063310
2570	0.064300
2580	0.061400
2590	0.063140
2600	0.063000
2610	0.063400
2620	0.063700
2630	0.065780
2640	0.064830
2650	0.065150
2660	0.067510
2670	0.065610
2680	0.066140
2690	0.066670
2700	0.068750
2710	0.069840
2720	0.068220
2730	0.069030
2740	0.069440
2750	0.070820
2760	0.070100
2770	0.071320
2780	0.071310
2790	0.071650
2800	0.074350
2810	0.072770
2820	0.074190
2830	0.073760
2840	0.075080
2850	0.074850
2860	0.075390
2870	0.076670
2880	0.076600
2890	0.077000
2900	0.078650
2910	0.078950
2920	0.078730
2930	0.081160
2940	0.079640
2950	0.081010
2960	0.081330
2970	0.082590
2980	0.082420
2990	0.083480
3000	0.083830
3010	0.083510
3020	0.084200
3030	0.084760
3040	0.085190
3050	0.086540
3060	0.088080
3070	0.086980
3080	0.087470
3090	0.090200
3100	0.088730
3110	0.089770
3120	0.090070
3130	0.090810
3140	0.090910
3150	0.092400
3160	0.092020
3170	0.093770
3180	0.094380
3190	0.093980
3200	0.097080
3210	0.096900
3220	0.095630
3230	0.096290
3240	0.096930
3250	0.097670
3260	0.098780
3270	0.101210
3280	0.100110
3290	0.101690
3300	0.101020
3310	0.102210
3320	0.102100
3330	0.104950
3340	0.106500
3350	0.106300
3360	0.105750
3370	0.107130
3380	0.106310
3390	0.108120
3400	0.107300
3410	0.109930
3420	0.108420
3430	0.112450
3440	0.111890
3450	0.120630
3460	0.111690
3470	0.113790
3480	0.115550
3490	0.115280
3500	0.114070
3510	0.114530
3520	0.117710
3530	0.115750
3540	0.116360
3550	0.118970
3560	0.119420
3570	0.121950
3580	0.119140
3590	0.119880
3600	0.122130
3610	0.120970
3620	0.124220
3630	0.123060
3640	0.123640
3650	0.124180
3660	0.124630
3670	0.125410
3680	0.125740
3690	0.126440
3700	0.126240
3710	0.127000
3720	0.127760
3730	0.128420
3740	0.130240
3750	0.131480
3760	0.130610
3770	0.138590
3780	0.132350
3790	0.151990
3800	0.141770
3810	0.134620
3820	0.144090
3830	0.135450
3840	0.142160
3850	0.137110
3860	0.141800
3870	0.138440
3880	0.138920
3890	0.147290
3900	0.140810
3910	0.141080
3920	0.142860
3930	0.142560
3940	0.143170
3950	0.144100
3960	0.144620
3970	0.145520
3980	0.146050
3990	0.152980
4000	0.147800
4010	0.149900
4020	0.149010
4030	0.149860
4040	0.150400
4050	0.151290
4060	0.152120
4070	0.152840
4080	0.153680
4090	0.154490
4100	0.155270
4110	0.155890
4120	0.156690
4130	0.160420
4140	0.164770
4150	0.160450
4160	0.166430
4170	0.161110
4180	0.169310
4190	0.163610
4200	0.163530
4210	0.173370
4220	0.166660
4230	0.166710
4240	0.168530
4250	0.167120
4260	0.168570
4270	0.169130
4280	0.170680
4290	0.170660
4300	0.170800
4310	0.171740
4320	0.175310
4330	0.173860
4340	0.174120
4350	0.175860
4360	0.176330
4370	0.179970
4380	0.179100
4390	0.178230
4400	0.179540
4410	0.186510
4420	0.182170
4430	0.182380
4440	0.184790
4450	0.183420
4460	0.184170
4470	0.184530
4480	0.187710
4490	0.187760
4500	0.189410
4510	0.189390
4520	0.193940
4530	0.190110
4540	0.192410
4550	0.193210
4560	0.194700
4570	0.193210
4580	0.194610
4590	0.197400
4600	0.195940
4610	0.200170
4620	0.200860
4630	0.199110
4640	0.200600
4650	0.200890
4660	0.201490
4670	0.201650
4680	0.202410
4690	0.204900
4700	0.204930
4710	0.206880
4720	0.207830
4730	0.207760
4740	0.207500
4750	0.212000
4760	0.210610
4770	0.213230
4780	0.212270
4790	0.214350
4800	0.216110
4810	0.218070
4820	0.215690
4830	0.216080
4840	0.217600
4850	0.218900
4860	0.221980
4870	0.223520
4880	0.223410
4890	0.225120
4900	0.223500
4910	0.226350
4920	0.226610
4930	0.227530
4940	0.227660
4950	0.231010
4960	0.229440
4970	0.232490
4980	0.233470
4990	0.232930
5000	0.234100
